$ANSIBLE_VAULT;1.1;AES256
32636338376363323639666539333133653363303461376331383538613861366337323134393134
3264303961313434313863343366653338393061653031390a386534336132373432633664663063
39363535623736343833653964656362306661663339393932323938646539353161363034363931
3733356536333630330a373439393739663133383038623063663734356366396664636665356338
38333339396438643632333133336265616664376634643737333062366434643234646538356663
62343031363036653563616139613737393431383130663935326364393332356466643630316330
32643232326464363838343031333366613835623132383666623864326364636562363732323264
66306533663935336364613430366339323564303765656434636338356565386231646138313631
65323466343234343133313334303637633830333061306137313635313534653533316561666637
31346532653439396139373433353334636435326532313862366638393637393266346339323564
39396230333764366437336262303366373539633665346262313837623064653533323732626335
64623030616533316264383165393433343934666363616565613337633434656438633363306264
35653732376439326230653936373462626664663330363762313632616462666561363464653835
30643666383664383161383638383334633431313761356533363234633937393265313264653338
35363461303565653333623937306231656136383833626539393336313362646363386464386365
65633037306538363839393836373563393433306532396161366439376465383032666433376561
66303130353035313966393565383863656633653839386661396538373330303830356534393166
31643363316437653066636337396561336238653464626137373832626466303238346231636337
39313661653261366336313963353534336436353362666661373239346436313265306138666630
62663865646335306538303339306437383064643162643434626263393637383038643364363731
34393634636335343036386539306561323864396666646662393031326233626163323161313836
32343132653531326265326664343432656661303532336537646435663064316264356435343833
64343264393761366138373530373165353835363332333964616464396431633064333065653134
32313262356638316237616430656666326432616535613839396331333065323538656238353563
33633865636231356630343137633038356365313263343266366438663138386264383531666533
61336235623437366564366563353636343365633565616237383830313261353930666630623636
37346638633066353832626138656632343732393731353136323233346538336365656631383264
37303530353234636566303338323461636566323366653531633764666137343435633230663765
38313061376632323331636162643136643166336633333031373634386537646664313436643165
61623531373533613437626337633566313331336164393231333432333138336235366163393830
35633937333439363865663932343265373833653935653833643636626230626135663036666532
36333064623230666166656535623931656130313136653233323166336164343664636536343761
39343639666130323431363534313135366332636163303837616261323166363239643739353939
38383561393662393133633934346534623333656265373930306637353538653464663131653530
64336230633835353930626164376363346361393631393366316665643661343063346538386533
61303736343963616235306438616538393035323764363133383065383939383132633861316235
35313832366662653239646162636131633832303137383432616432336432646664316537323233
65363836313431396538386161333638393935356363396233663239333139643733303439616333
34633737393961666338623962326136313138306361643663326331313266653061306234346135
32393634633733396462386364373833363061336132346434613034613537633333646136363030
64343339306532326139353363386638326666323964346465626539376564663438343564306165
34316537323931373361346262393239663833623138386432323931356664326238653739376130
66636436356337613132343562326239616631656230326664616234386462313534643136656334
64646465366539316638656262373737316330666232613932383330396630613238363634643666
65363463383837613665636636346432613930643032633538393031323133633336663731646465
38616563613333306331363539313634636531613865333037393439393636356464663231353931
39343831313939316161663730396165633839316632386231326165333237623966373563376662
34363531333130373337636435663236653161613063356438386664616534643734363664343065
63396639656331336536663765356362633034653962303933313139313830643036656439623134
38623936626632366665623664353766393737376437333532623730646133643134366439333334
65663735613562613131646132643237303862633834623562333761613631336334653436346539
65643639653037666337343432656234326566656433383433316635343964323262386263336463
36333239663964396562626534663538363436343136363832613964333934376563653563333035
33316166346332663931653361353536373039383839373563396537643463666662636634323234
37313464633834313265653834346538323835346561303964333766333830323233363562376634
33663539373635343866346435646233663230636263323863333131303239313433636432613766
37373735303462373761663466373530343737626139626532313632646661313430626364333730
37343337663332343531373564613939393235666361663136396630356261306365353333303465
31343231346565326261356334333762613830303134333562323230363765383230333835636262
38316139363461336339613431633134633066396332326438313331353831623432306165323463
37323430373165366666323561353135383635303539396136333164376133323138313563633939
62646638613965383134386266626338643632663939626564383430336430653661356566663962
33633064623331323965373532623332613430353831623865343362666330383662376235303136
37363539323635656365623634633433306234386337383062633334626465653966386538313238
65633634376664373764373334663136363631306561366162343630303831613561
