$ANSIBLE_VAULT;1.1;AES256
36616333346230306165326364343130356136373164366130323533373264323666633937346632
6138356438306430383461636134323732393463326264310a653431313536336335396333633637
32323931653030313764323665613731383030393131346537306236663161336232616465306136
3132316636323764320a303937373736623532626633386631306162363136343165663566666366
64363934356132613264383539396431376461653134626462396538346332383133323931363239
35316161623665643964613531376464353133393430626263396662636534656564313531313463
63623836663339343832623763326133623965366439666166326635633465363333386462393638
61353639353033353430363436353164363837613464346139383933313639373131353832323034
38346561353432623033646134663434643235643764633163613262306166383630366630633138
33626335656161643461326434383866616438393264613264396136613539666638643332363136
31363735313836663366343763323664346466653830373639393339656536616437663965383032
32393935396562366163646230336365396436393966333433623130316262313932643834316261
65333930343562393637656332643332303532656137313562303539303430313537303834323665
35356335666136343037323961613566343166316632643933663833366661616538373239646530
37646465396435663432316137326239386632316635346635636262653165616132633432323962
39303165663562346266636231653734393935306132366138633738643366366339366235636637
64346166646230336439323639303131366231313731616537656465363265373565326164366263
64656437363664373033303736646636376138333961653263396236393835343939626461333432
34373734626437396235646565393236303632616331636262663561313230343137376561356162
33313662336462386138393731323364323661343763336636633062396334336432663432346163
32363839353937363836373166336564663265613165323764373764313136383631333565346565
66316436356230653037316336633532626433323264393061323038303666636237643038623230
63613161373435646433333434376365393761363334353363623530333534616132383038383438
61646336303965303965376430643662303466383934363931303131623164313037656136366162
35663066613364333731613838626166653539643531396161353162626234316566396334646138
38613130616532333761666537623536393161396139646564316539613130623634396266326564
66306433633735386466323432313139363033633764393335393462393763373063396133363037
36626539626633376130333338303630643964643334373338616130653863633336383231323566
37373235333232613438343961303336303831346537313766383631356534343733646138616636
39623133376530663739363162313064323530623535353766663761373435616161373335356364
32373937396231616534353535653764323539643037336161366361313332663266316338326261
33313830656434376661653063353030346632383635353766366639666266376561306236333461
30396163366536623735626539653966613730323065323639623966666535303530
