$ANSIBLE_VAULT;1.1;AES256
62366137616138356636353164626263316238363263343464616330646332613064346336616536
6266643236313730303437303936333564393030613038650a356565616139663765363034653232
33306536616438623331363134653633633433613538616562663533376261323266393661386435
3832386332666539390a326538623831383461343732343639343734636461653566666266653965
38383635363038626430663435333332303033646165613433643564353038366330386236623531
36356532366637363736313839316630336631646537363935383165623665386663643933623066
62653437353233396639656265653030636264663037663331356466323264633630303565663039
37363465346462333162656134313265343063653161613465613863323230306430653631363137
33323930383361323035303431336532356634306232656139383263666466376166346266623464
62383233396262616239613932613463366265376333663339303961636431316366346339363761
30303334356135616532613736393033333566316363323530626439616566366261353265343566
65336139303731316233303638333865343362386165333965656363653832623835356539303834
63393336653962666433633165316232613462646533303861653764383535623634
